iteration,operation,ns
1,1,13333515
1,2,26930846
1,3,19076631
1,4,17652440
1,5,19804172
1,6,21911966
1,7,30063110
1,8,23891686
1,9,25184140
1,10,22210074
1,11,18696665
1,12,18345887
1,13,24852070
1,14,25700261
1,15,19309231
1,16,19723088
1,17,20401237
1,18,34300101
1,19,18405082
1,20,17884462
1,21,19737885
1,22,20127875
1,23,29542501
1,24,20924274
1,25,20842730
1,26,19921423
1,27,20574910
1,28,23060431
1,29,18437666
1,30,18194749
1,31,17885656
1,32,24573321
1,33,17979694
1,34,19467203
1,35,18879362
1,36,23604431
1,37,18231229
1,38,19297275
1,39,18671479
1,40,23660341
1,41,29995811
1,42,18410608
1,43,22681870
1,44,28294659
1,45,28658158
1,46,20400435
1,47,29742409
1,48,19816795
1,49,31089846
1,50,24133677
1,51,32873162
1,52,27186449
1,53,29615777
1,54,18479209
1,55,22580530
1,56,17907517
1,57,18289317
1,58,18547025
1,59,18444486
1,60,17679270
1,61,18625933
1,62,18172457
1,63,17689559
1,64,18075938
1,65,19004451
1,66,18776323
1,67,24296910
1,68,18505761
1,69,18330228
1,70,25292452
1,71,17983063
1,72,17737364
1,73,21639219
1,74,18418486
1,75,16972932
1,76,17794868
1,77,22952370
1,78,26480075
1,79,19354382
1,80,18846969
1,81,19004009
1,82,17709976
1,83,17859688
1,84,18308682
1,85,27413546
1,86,18580067
1,87,20055829
1,88,17513686
1,89,23531670
1,90,17961134
1,91,18418669
1,92,18520188
1,93,19273973
1,94,17707133
1,95,17119767
1,96,19207092
1,97,18706214
1,98,17427946
1,99,18036104
1,100,19115981
1,101,23590231
1,102,17965304
1,103,17912373
1,104,18170659
1,105,18873137
1,106,18804123
1,107,19701582
1,108,17901657
1,109,17662280
1,110,17424023
1,111,33309686
1,112,20785660
1,113,23262123
1,114,26126541
1,115,19505167
1,116,24180049
1,117,30523810
1,118,18291131
1,119,17622469
1,120,17887525
1,121,17258246
1,122,17723254
1,123,16829183
1,124,17900906
1,125,36642545
1,126,18900852
1,127,21695347
1,128,18984205
1,129,22288490
1,130,18515294
1,131,18601008
1,132,26549454
1,133,18127097
1,134,18125164
1,135,18868964
1,136,19882319
1,137,27995997
1,138,24368734
1,139,17738463
1,140,25094705
1,141,18920153
1,142,17568128
1,143,18681671
1,144,29481245
1,145,19073415
1,146,17787100
1,147,23311314
1,148,18058116
1,149,17591988
1,150,18596398
1,151,38138615
1,152,18309189
1,153,25898036
1,154,23543521
1,155,17495407
1,156,22301871
1,157,19232687
1,158,18303939
1,159,25335649
1,160,18362868
1,161,18301710
1,162,22659233
1,163,18465554
1,164,30488951
1,165,19015860
1,166,27994006
1,167,21080747
1,168,19247839
1,169,18017768
1,170,17593126
1,171,18048772
1,172,18082030
1,173,17585363
1,174,20064317
1,175,18025210
1,176,23639063
1,177,20831578
1,178,21943329
1,179,21622640
1,180,18173531
1,181,16915389
1,182,17939372
1,183,19027652
1,184,17402511
1,185,29299438
1,186,22041314
1,187,19190157
1,188,17992651
1,189,17413701
1,190,17800486
1,191,18028385
1,192,18558296
1,193,19050592
1,194,18069370
1,195,19618792
1,196,17769264
1,197,17857776
1,198,26391085
1,199,23102818
1,200,20218375
1,201,22181964
1,202,18196872
1,203,23227280
1,204,17748944
1,205,17689181
1,206,16631348
1,207,16797939
1,208,18284412
1,209,24458419
1,210,17694263
1,211,31042992
1,212,18830251
1,213,17685433
1,214,17927580
1,215,19537517
1,216,27567426
1,217,25543453
1,218,21181827
1,219,28599611
1,220,34807732
1,221,26424574
1,222,18665026
1,223,17936485
1,224,19086311
1,225,30745457
1,226,23864779
1,227,18009357
1,228,25152529
1,229,18703515
1,230,23398064
1,231,18847517
1,232,20529153
1,233,17812681
1,234,21788483
1,235,17191108
1,236,18098573
1,237,16953138
1,238,17495490
1,239,22927537
1,240,30898858
1,241,18233885
1,242,17734594
1,243,18331203
1,244,22860939
1,245,18502649
1,246,24754976
1,247,17496029
1,248,16924247
1,249,19445479
1,250,19953346
1,251,18777346
1,252,18291485
1,253,18308476
1,254,18168654
1,255,20170222
1,256,22231962
1,257,18624497
1,258,18628149
1,259,17237988
1,260,17509482
1,261,19158633
1,262,18952583
1,263,18094442
1,264,19120221
1,265,17879710
1,266,31302990
1,267,17923357
1,268,23738664
1,269,16893949
1,270,23604154
1,271,16936477
1,272,18750842
1,273,17985352
1,274,18930082
1,275,18496299
1,276,19828249
1,277,17319803
1,278,18805790
1,279,18097466
1,280,17207885
1,281,18155008
1,282,17794512
1,283,17566517
1,284,18465568
1,285,17528267
1,286,18006135
1,287,22257662
1,288,18508958
1,289,18570064
1,290,21292591
1,291,17620207
1,292,20332481
1,293,17578571
1,294,17765936
1,295,17724803
1,296,18585043
1,297,19826915
1,298,17835610
1,299,29160981
1,300,17712995
1,301,23679717
1,302,17051414
1,303,16907101
1,304,16834388
1,305,17757288
1,306,17526733
1,307,17902464
1,308,17078552
1,309,17755410
1,310,20838832
1,311,18205528
1,312,22951701
1,313,18241725
1,314,18196223
1,315,18072664
1,316,28681443
1,317,27295119
1,318,27387087
1,319,20309224
1,320,18644374
1,321,23280515
1,322,17535808
1,323,22914138
1,324,17733453
1,325,17181743
1,326,17486231
1,327,29405535
1,328,18596910
1,329,16432352
1,330,17263547
1,331,18798032
1,332,19443594
1,333,17252159
1,334,21725448
1,335,17953715
1,336,22514408
1,337,19459016
1,338,17795917
1,339,17619148
1,340,17181100
1,341,17878918
1,342,18303106
1,343,17569288
1,344,18117917
1,345,17149948
1,346,18219555
1,347,17792504
1,348,17207120
1,349,21324456
1,350,18264672
1,351,16830843
1,352,17624555
1,353,16093868
1,354,17521373
1,355,27159999
1,356,27082969
1,357,18477722
1,358,17301172
1,359,19980742
1,360,18074725
1,361,21203950
1,362,17152433
1,363,17925778
1,364,23735538
1,365,18007515
1,366,19891655
1,367,17600538
1,368,23517971
1,369,17289013
1,370,17609940
1,371,17359502
1,372,16963729
1,373,18474675
1,374,18701036
1,375,18691718
1,376,23366603
1,377,22683845
1,378,19648171
1,379,19203803
1,380,17572086
1,381,16682674
1,382,17759500
1,383,21574664
1,384,17577738
1,385,22952156
1,386,18659952
1,387,23136431
1,388,31214223
1,389,18182483
1,390,17605464
1,391,17152662
1,392,16984784
1,393,17052040
1,394,24997482
1,395,18169722
1,396,17056495
1,397,16619245
1,398,19818543
1,399,17880429
1,400,17247275
1,401,18348170
1,402,17985862
1,403,16894802
1,404,21146317
1,405,19101583
1,406,17223342
1,407,26196826
1,408,18667046
1,409,23314170
1,410,13572765
1,411,18511058
1,412,19761771
1,413,26443947
1,414,17924485
1,415,19215769
1,416,19049546
1,417,18818364
1,418,17633858
1,419,18147966
1,420,26368219
1,421,18093827
1,422,19251239
1,423,18571946
1,424,18043322
1,425,18377500
1,426,18691652
1,427,17393868
1,428,30164445
1,429,18243870
1,430,24779944
1,431,21802875
1,432,29179433
1,433,20865356
1,434,23030679
1,435,23137349
1,436,18327589
1,437,19071426
1,438,28359750
1,439,27833051
1,440,17618312
1,441,25014403
1,442,18382572
1,443,17874379
1,444,18093907
1,445,18106476
1,446,17400606
1,447,17540762
1,448,29829008
1,449,24214059
1,450,22960755
1,451,20040095
1,452,19428625
1,453,18025044
1,454,17320388
1,455,25024889
1,456,19779755
1,457,18648717
1,458,24254358
1,459,19564074
1,460,23004678
1,461,23424260
1,462,18055368
1,463,18062908
1,464,16494569
1,465,17744417
1,466,18194878
1,467,18430872
1,468,18665814
1,469,17558330
1,470,18414362
1,471,18438585
1,472,24334181
1,473,18174110
1,474,17452312
1,475,17337555
1,476,17387255
1,477,16579798
1,478,17731297
1,479,17713770
1,480,17609979
1,481,19314257
1,482,20025558
1,483,25728240
1,484,19867625
1,485,28927234
1,486,18421674
1,487,25350213
1,488,18921253
1,489,22174143
1,490,17852855
1,491,22736045
1,492,18519014
1,493,22814616
1,494,17437873
1,495,17662166
1,496,20737642
1,497,21980315
1,498,19078616
1,499,26994464
1,500,25679264
1,501,27205423
1,502,24944944
1,503,17863980
1,504,17953502
1,505,17237115
1,506,17612484
1,507,19136686
1,508,18471397
1,509,18257737
1,510,25707840
1,511,18576005
1,512,24862298
1,513,19678506
1,514,17643620
1,515,23697558
1,516,17650062
1,517,17856759
1,518,17373470
1,519,17678016
1,520,17859673
1,521,18342946
1,522,25287504
1,523,18264453
1,524,18384740
1,525,23445204
1,526,18478611
1,527,17550206
1,528,17999653
1,529,22833669
1,530,17758753
1,531,18074403
1,532,17419440
1,533,26515796
1,534,23591461
1,535,23453068
1,536,20309153
1,537,18775268
1,538,18839819
1,539,29388130
1,540,25499565
1,541,19072657
1,542,16727239
1,543,17633981
1,544,23642118
1,545,17773578
1,546,18256780
1,547,19358897
1,548,17781529
1,549,17437185
1,550,17541089
1,551,21793525
1,552,19408903
1,553,18676648
1,554,17291201
1,555,22966446
1,556,18303950
1,557,18145254
1,558,26482450
1,559,18767725
1,560,21841459
1,561,27763926
1,562,21821697
1,563,20154406
1,564,18082810
1,565,18776209
1,566,21971331
1,567,17844807
1,568,17626310
1,569,21509958
1,570,18295894
1,571,17168616
1,572,23799772
1,573,25364400
1,574,19120351
1,575,17745743
1,576,27840316
1,577,17772952
1,578,17519688
1,579,17067179
1,580,17953706
1,581,17219703
1,582,26270031
1,583,20925993
1,584,18109799
1,585,24411991
1,586,17930499
1,587,17740614
1,588,18238799
1,589,18236645
1,590,17082627
1,591,19758583
1,592,18592925
1,593,18090909
1,594,17558405
1,595,19700111
1,596,17855126
1,597,18687097
1,598,22035757
1,599,17174379
1,600,17821053
1,601,18622014
1,602,28991264
1,603,17502675
1,604,17228315
1,605,21405041
1,606,27225605
1,607,21753455
1,608,17138204
1,609,18084977
1,610,40641503
1,611,23789288
1,612,29146384
1,613,17817419
1,614,37080017
1,615,18047907
1,616,17424812
1,617,18068603
1,618,22455247
1,619,20000342
1,620,17106135
1,621,24931809
1,622,17480360
1,623,16888465
1,624,17381163
1,625,20540559
1,626,17648186
1,627,35053093
1,628,18006713
1,629,17651124
1,630,17506907
1,631,18208443
1,632,18540928
1,633,18958774
1,634,18131095
1,635,24255360
1,636,18127386
1,637,17160933
1,638,17421091
1,639,17878707
1,640,18193751
1,641,17561209
1,642,17090498
1,643,17481336
1,644,23630971
1,645,21915323
1,646,23423426
1,647,17882643
1,648,17074691
1,649,21636023
1,650,18028397
1,651,18337763
1,652,22571187
1,653,17322049
1,654,17636048
1,655,21069619
1,656,17399222
1,657,17364790
1,658,17137017
1,659,27270112
1,660,17630849
1,661,20921226
1,662,23437085
1,663,22452673
1,664,22547818
1,665,18865870
1,666,17754768
1,667,18916698
1,668,18299591
1,669,24947913
1,670,18323962
1,671,17215104
1,672,21429176
1,673,17270227
1,674,31979937
1,675,17662026
1,676,17213726
1,677,17057236
1,678,17870852
1,679,31516094
1,680,17680836
1,681,17688095
1,682,22462803
1,683,26065492
1,684,22547602
1,685,24705038
1,686,17601444
1,687,21245436
1,688,17827060
1,689,20468043
1,690,18466559
1,691,19690395
1,692,21330158
1,693,20822255
1,694,24358989
1,695,18589707
1,696,19287906
1,697,19121856
1,698,18164264
1,699,17827160
1,700,18087992
1,701,27937772
1,702,16896624
1,703,18033157
1,704,17739452
1,705,27120457
1,706,18846200
1,707,18036919
1,708,27816478
1,709,19189249
1,710,42074079
1,711,19677678
1,712,18341905
1,713,25462203
1,714,21630817
1,715,24979060
1,716,24445437
1,717,17386044
1,718,21152193
1,719,24894405
1,720,23557333
1,721,37650879
1,722,21287870
1,723,18264167
1,724,17676216
1,725,25102658
1,726,18545586
1,727,17367258
1,728,18112317
1,729,18484435
1,730,20376994
1,731,24835625
1,732,21829995
1,733,24259759
1,734,27301135
1,735,18180618
1,736,31943171
1,737,27118759
1,738,23072121
1,739,17758898
1,740,23906409
1,741,18934810
1,742,25325810
1,743,18030615
1,744,20207488
1,745,17331224
1,746,18780780
1,747,17540406
1,748,17534079
1,749,17986886
1,750,17508263
1,751,16462584
1,752,18413115
1,753,19059470
1,754,19965984
1,755,36301636
1,756,18515436
1,757,19203261
1,758,17790757
1,759,18598095
1,760,17561784
1,761,17336424
1,762,17280994
1,763,23295295
1,764,23566764
1,765,20345727
1,766,18071720
1,767,20665107
1,768,27348976
1,769,18113060
1,770,23570658
1,771,22405396
1,772,18102527
1,773,32402248
1,774,17942118
1,775,17312950
1,776,18700765
1,777,27037828
1,778,21746422
1,779,18747351
1,780,18381931
1,781,17778907
1,782,18780317
1,783,24975832
1,784,18031344
1,785,19239815
1,786,18333889
1,787,27554244
1,788,17994956
1,789,18179998
1,790,17272840
1,791,19002522
1,792,18735024
1,793,18112867
1,794,18253165
1,795,17806710
1,796,17808079
1,797,18458590
1,798,17698721
1,799,19296024
1,800,20210449
1,801,23477670
1,802,18671037
1,803,17712052
1,804,63796887
1,805,38368350
1,806,63270294
1,807,18584490
1,808,17494826
1,809,17579795
1,810,18344577
1,811,20016651
1,812,17368573
1,813,17208473
1,814,17250680
1,815,19224997
1,816,17217690
1,817,18478623
1,818,28501311
1,819,18148043
1,820,17059460
1,821,17956352
1,822,18525008
1,823,17982198
1,824,18356387
1,825,17843276
1,826,17932744
1,827,17319627
1,828,18569941
1,829,18843109
1,830,23471839
1,831,17662105
1,832,20605442
1,833,17882393
1,834,17926947
1,835,28124868
1,836,17610587
1,837,16584938
1,838,17591028
1,839,17902380
1,840,17346033
1,841,17737894
1,842,18526279
1,843,24632340
1,844,16834178
1,845,15863740
1,846,17211211
1,847,29139065
1,848,17964936
1,849,17723327
1,850,16872027
1,851,19527316
1,852,17111013
1,853,16838586
1,854,17212374
1,855,17319865
1,856,16599214
1,857,24509590
1,858,17419636
1,859,17782018
1,860,17126211
1,861,17282979
1,862,17578677
1,863,26022573
1,864,16894001
1,865,24360097
1,866,18978213
1,867,17746127
1,868,16801813
1,869,17932048
1,870,17518274
1,871,16717108
1,872,16704905
1,873,19310082
1,874,17269279
1,875,16270689
1,876,17441169
1,877,16667217
1,878,16716092
1,879,23762573
1,880,17597710
1,881,16487625
1,882,29047198
1,883,20292653
1,884,16798029
1,885,16971576
1,886,17160866
1,887,16966890
1,888,28637503
1,889,17667972
1,890,24627519
1,891,17666383
1,892,17992369
1,893,17933458
1,894,17771604
1,895,17461079
1,896,17498914
1,897,21012439
1,898,17377366
1,899,17432671
1,900,18487520
1,901,23966257
1,902,17972206
1,903,17555730
1,904,17953090
1,905,18973334
1,906,18558283
1,907,17315437
1,908,16964479
1,909,17595731
1,910,17928535
1,911,17181284
1,912,18681056
1,913,18050105
1,914,17749744
1,915,16684079
1,916,16947741
1,917,23636413
1,918,17032478
1,919,16700004
1,920,17051320
1,921,17470568
1,922,29274442
1,923,19014061
1,924,17563937
1,925,16765779
1,926,16550095
1,927,17401018
1,928,16939810
1,929,17753265
1,930,17779227
1,931,16446295
1,932,16853568
1,933,18723077
1,934,17638193
1,935,17304732
1,936,16808134
1,937,17114689
1,938,18680672
1,939,17957633
1,940,17173229
1,941,17232862
1,942,20225996
1,943,17624148
1,944,17119318
1,945,18052676
1,946,17862405
1,947,17675524
1,948,17895855
1,949,17469164
1,950,17666638
1,951,16653110
1,952,18174416
1,953,17449780
1,954,18115942
1,955,18026300
1,956,17249330
1,957,17379226
1,958,38519291
1,959,19018185
1,960,18437442
1,961,19251663
1,962,18049616
1,963,17954349
1,964,30991893
1,965,17950255
1,966,17643238
1,967,18673040
1,968,18514167
1,969,28403798
1,970,17687301
1,971,17103826
1,972,17708439
1,973,18754240
1,974,17366234
1,975,17823286
1,976,17650811
1,977,17766636
1,978,17655219
1,979,17930252
1,980,21412251
1,981,21445127
1,982,17979572
1,983,17447027
1,984,17132360
1,985,18119683
1,986,17660269
1,987,17345244
1,988,18427756
1,989,18295834
1,990,17963007
1,991,18472052
1,992,18858970
1,993,17436503
1,994,17577443
1,995,17884439
1,996,17847110
1,997,18491653
1,998,18108141
1,999,18711436
1,1000,18463765
2,1,20381866
2,2,17111320
2,3,17472276
2,4,25176670
2,5,23981215
2,6,17426319
2,7,18226501
2,8,17897012
2,9,17740607
2,10,18491742
2,11,17869105
2,12,17695685
2,13,17889361
2,14,16756147
2,15,16466566
2,16,16892706
2,17,16764383
2,18,17683222
2,19,17703732
2,20,16680949
2,21,16442207
2,22,20404458
2,23,17645863
2,24,21292452
2,25,18606663
2,26,17499895
2,27,16766361
2,28,16884229
2,29,17092562
2,30,19493143
2,31,16681964
2,32,15967918
2,33,18292619
2,34,17482714
2,35,17214763
2,36,17371461
2,37,17942329
2,38,17412432
2,39,17231333
2,40,22215902
2,41,21199053
2,42,17922991
2,43,17186062
2,44,21372999
2,45,18749259
2,46,17805688
2,47,17400432
2,48,16448497
2,49,18258979
2,50,16619504
2,51,18171552
2,52,17538217
2,53,17504914
2,54,20702495
2,55,19329851
2,56,20167704
2,57,17244588
2,58,16962467
2,59,16994571
2,60,16765340
2,61,16955561
2,62,18709150
2,63,17837309
2,64,16929517
2,65,17056991
2,66,22252672
2,67,17347791
2,68,22985531
2,69,17923881
2,70,16579988
2,71,17821319
2,72,17243297
2,73,17276347
2,74,16546056
2,75,24430238
2,76,16557799
2,77,23263779
2,78,20178791
2,79,15659099
2,80,17280088
2,81,26323896
2,82,20833279
2,83,29125784
2,84,21734107
2,85,17787759
2,86,17216091
2,87,21557538
2,88,17043985
2,89,16876598
2,90,16897496
2,91,17015488
2,92,18091529
2,93,17005370
2,94,17700405
2,95,19922701
2,96,18344285
2,97,17125102
2,98,17554416
2,99,17362288
2,100,23625871
2,101,18076719
2,102,18656666
2,103,24994617
2,104,17528750
2,105,18125011
2,106,26897384
2,107,19815346
2,108,18091250
2,109,17608303
2,110,24922432
2,111,17669292
2,112,17231764
2,113,17669838
2,114,18106151
2,115,25792262
2,116,21602439
2,117,17455997
2,118,17088084
2,119,18169408
2,120,18922104
2,121,24390437
2,122,17300289
2,123,17623021
2,124,17061347
2,125,16715736
2,126,17593694
2,127,21562618
2,128,23518924
2,129,24749752
2,130,23892886
2,131,17508591
2,132,18100749
2,133,23908508
2,134,17921304
2,135,16989499
2,136,17476926
2,137,17347572
2,138,21494292
2,139,18743425
2,140,16624220
2,141,16655527
2,142,17703712
2,143,18051290
2,144,17683860
2,145,17291691
2,146,17712969
2,147,22072171
2,148,23135050
2,149,16770857
2,150,16896536
2,151,17663466
2,152,24613827
2,153,17168441
2,154,17605174
2,155,18078477
2,156,18132461
2,157,16865928
2,158,17168261
2,159,17938897
2,160,17147783
2,161,17296849
2,162,18609017
2,163,16748436
2,164,17006601
2,165,17080973
2,166,17195805
2,167,21005384
2,168,17453542
2,169,19952971
2,170,16737307
2,171,22021243
2,172,20319051
2,173,17496001
2,174,16686425
2,175,20091106
2,176,16870324
2,177,16363581
2,178,24586873
2,179,16986355
2,180,17132184
2,181,16165651
2,182,27914874
2,183,16833212
2,184,17464015
2,185,16584924
2,186,16782176
2,187,19955094
2,188,23057525
2,189,17140911
2,190,17214057
2,191,22306728
2,192,16285117
2,193,18025977
2,194,19608137
2,195,17016501
2,196,17690108
2,197,21878400
2,198,23683072
2,199,17936111
2,200,17202411
2,201,17519248
2,202,16947510
2,203,16808020
2,204,18308537
2,205,17375517
2,206,17153272
2,207,16958996
2,208,16487872
2,209,21583186
2,210,18584019
2,211,15156830
2,212,17038746
2,213,16963316
2,214,22054316
2,215,17588723
2,216,17506720
2,217,16933903
2,218,17500672
2,219,17532408
2,220,17466253
2,221,16704936
2,222,16536288
2,223,16655361
2,224,20749311
2,225,17959520
2,226,18158889
2,227,17674000
2,228,22259225
2,229,17554550
2,230,17284366
2,231,18971504
2,232,16744088
2,233,17325049
2,234,22135854
2,235,17352378
2,236,17019108
2,237,17854317
2,238,21451412
2,239,17277155
2,240,16555152
2,241,21723512
2,242,16839081
2,243,23109684
2,244,20387147
2,245,16137777
2,246,23243460
2,247,16443515
2,248,17589321
2,249,17952299
2,250,16906991
2,251,17862380
2,252,16052307
2,253,17065326
2,254,16432444
2,255,17050139
2,256,16486196
2,257,17357233
2,258,17394390
2,259,16210088
2,260,16338291
2,261,16414814
2,262,16911393
2,263,16483783
2,264,16623594
2,265,17123447
2,266,17499301
2,267,17311690
2,268,22306251
2,269,16558605
2,270,16355128
2,271,16884034
2,272,17723141
2,273,17271195
2,274,17804753
2,275,15857873
2,276,16277478
2,277,16295503
2,278,21262370
2,279,16904759
2,280,17017009
2,281,16496238
2,282,17419965
2,283,16616969
2,284,21682722
2,285,17037017
2,286,17248971
2,287,18685383
2,288,18138710
2,289,22818631
2,290,18145214
2,291,24797547
2,292,24736820
2,293,18118557
2,294,17688142
2,295,17488997
2,296,19402305
2,297,17693508
2,298,19461193
2,299,17711420
2,300,24510133
2,301,22656735
2,302,17323467
2,303,18306449
2,304,21017068
2,305,18101396
2,306,18005375
2,307,23430610
2,308,19569241
2,309,19942170
2,310,17098962
2,311,21355733
2,312,17544348
2,313,18704293
2,314,25245145
2,315,17492279
2,316,23820503
2,317,17948883
2,318,17383669
2,319,22055254
2,320,18073512
2,321,17029422
2,322,17415046
2,323,17557999
2,324,28141632
2,325,23406325
2,326,20448245
2,327,18051792
2,328,17274694
2,329,18008095
2,330,17739702
2,331,23554641
2,332,25478320
2,333,17744181
2,334,17758299
2,335,17809959
2,336,25329018
2,337,19040216
2,338,19791868
2,339,16989755
2,340,23673599
2,341,19222243
2,342,25728091
2,343,20650527
2,344,16942860
2,345,18520148
2,346,17366320
2,347,17952514
2,348,24057218
2,349,17514587
2,350,17510754
2,351,17907980
2,352,20196519
2,353,24950703
2,354,17902323
2,355,18049985
2,356,18684261
2,357,21072672
2,358,17993720
2,359,18150690
2,360,17690713
2,361,17852087
2,362,23033800
2,363,18132496
2,364,18297684
2,365,17705531
2,366,17169668
2,367,18328413
2,368,18130901
2,369,17808115
2,370,17632690
2,371,17974938
2,372,18019759
2,373,17576034
2,374,18683086
2,375,18282781
2,376,18427107
2,377,17764411
2,378,20203844
2,379,24965735
2,380,17217506
2,381,16922650
2,382,19480306
2,383,17245310
2,384,25205023
2,385,20454676
2,386,18628490
2,387,16097206
2,388,16875121
2,389,17638929
2,390,17132588
2,391,17754546
2,392,17281762
2,393,17382467
2,394,16593339
2,395,18471192
2,396,17936046
2,397,25217152
2,398,19008773
2,399,20365657
2,400,17402965
2,401,25177430
2,402,20785232
2,403,17704388
2,404,26582026
2,405,31924686
2,406,23526235
2,407,21962869
2,408,22916982
2,409,17709200
2,410,17309942
2,411,20793309
2,412,30819411
2,413,17534471
2,414,17873724
2,415,17902373
2,416,24899725
2,417,18605008
2,418,17789035
2,419,22861181
2,420,20889121
2,421,24155002
2,422,17559264
2,423,18923771
2,424,17063566
2,425,17823901
2,426,16898246
2,427,19547197
2,428,17596198
2,429,18165536
2,430,22073198
2,431,17057762
2,432,17663200
2,433,18991862
2,434,21293415
2,435,22563642
2,436,22715630
2,437,23818901
2,438,21160783
2,439,17893135
2,440,28351177
2,441,27079228
2,442,17900756
2,443,20494480
2,444,17650146
2,445,17813579
2,446,24617446
2,447,18256334
2,448,17480972
2,449,17614322
2,450,24866846
2,451,22300557
2,452,17791545
2,453,17043404
2,454,23690518
2,455,17281623
2,456,18946555
2,457,18064509
2,458,17584589
2,459,17548806
2,460,17624876
2,461,23524424
2,462,16767742
2,463,16250550
2,464,18258753
2,465,16291995
2,466,16751696
2,467,22393054
2,468,24867842
2,469,16601747
2,470,16782728
2,471,16409839
2,472,22014749
2,473,22185094
2,474,17495212
2,475,23870105
2,476,32414278
2,477,18670517
2,478,21010728
2,479,17801317
2,480,24120535
2,481,24067968
2,482,26991553
2,483,17644667
2,484,28480490
2,485,22182496
2,486,17829925
2,487,16752197
2,488,18459388
2,489,16874410
2,490,17190856
2,491,17579503
2,492,23223838
2,493,16936370
2,494,18735516
2,495,12789505
2,496,19322386
2,497,17724880
2,498,17863892
2,499,17704209
2,500,18529775
2,501,41711511
2,502,17414186
2,503,17021078
2,504,17434197
2,505,28072093
2,506,21951215
2,507,17378783
2,508,17073643
2,509,17354782
2,510,20420380
2,511,16892625
2,512,22287013
2,513,16820247
2,514,17047250
2,515,20229015
2,516,23821525
2,517,18431945
2,518,25892998
2,519,18648919
2,520,23766454
2,521,18516390
2,522,17997652
2,523,25049962
2,524,18140497
2,525,16404552
2,526,16563650
2,527,18134637
2,528,17668232
2,529,17387578
2,530,18541179
2,531,16840052
2,532,18769831
2,533,16512941
2,534,17570208
2,535,22909050
2,536,17981929
2,537,25419758
2,538,18736473
2,539,17437137
2,540,18279057
2,541,18069019
2,542,21978959
2,543,16520871
2,544,17537512
2,545,18662388
2,546,18167382
2,547,18433270
2,548,17444324
2,549,17128729
2,550,18137412
2,551,17551805
2,552,17126710
2,553,22600910
2,554,21763851
2,555,16963706
2,556,26048838
2,557,18487306
2,558,17419314
2,559,17452247
2,560,23036158
2,561,20332291
2,562,16886949
2,563,16880458
2,564,18980807
2,565,17398999
2,566,17026225
2,567,20180053
2,568,17498322
2,569,17894771
2,570,18581090
2,571,17511167
2,572,16522487
2,573,22549658
2,574,17318917
2,575,20667609
2,576,17539306
2,577,17202214
2,578,17822819
2,579,17598019
2,580,25431988
2,581,17962797
2,582,17217813
2,583,17010664
2,584,16912049
2,585,16616193
2,586,17752181
2,587,17375967
2,588,17399813
2,589,26056831
2,590,18042413
2,591,23164883
2,592,22232073
2,593,17511596
2,594,18076947
2,595,17423738
2,596,19433466
2,597,16904934
2,598,17143015
2,599,17997417
2,600,17500094
2,601,17139336
2,602,17632351
2,603,22365254
2,604,17708639
2,605,17304847
2,606,18156092
2,607,18264918
2,608,18302123
2,609,22824830
2,610,17569763
2,611,17117458
2,612,18457194
2,613,18250315
2,614,18226760
2,615,17892596
2,616,16736422
2,617,16466966
2,618,17514737
2,619,17303434
2,620,17366662
2,621,24010924
2,622,19148923
2,623,17570271
2,624,17787772
2,625,17329237
2,626,17031708
2,627,24776494
2,628,20191918
2,629,18069874
2,630,18126380
2,631,19707468
2,632,17289668
2,633,18647483
2,634,24421837
2,635,17458659
2,636,17158330
2,637,17041111
2,638,16388918
2,639,33328315
2,640,18225155
2,641,17268082
2,642,17558687
2,643,18067930
2,644,22137237
2,645,17247380
2,646,17548681
2,647,17449883
2,648,21331115
2,649,17544473
2,650,18199036
2,651,17517060
2,652,16745704
2,653,17701742
2,654,16653264
2,655,18468233
2,656,17234681
2,657,18791442
2,658,20552755
2,659,19892868
2,660,18823968
2,661,17567560
2,662,17320000
2,663,17283125
2,664,16622201
2,665,25539305
2,666,21789122
2,667,17707299
2,668,16651101
2,669,17311034
2,670,20459615
2,671,20400809
2,672,16741090
2,673,17068637
2,674,24831961
2,675,17830706
2,676,17335976
2,677,17100017
2,678,17146856
2,679,17722472
2,680,22623987
2,681,17053381
2,682,16714724
2,683,17236428
2,684,18948300
2,685,17277598
2,686,26732215
2,687,16882904
2,688,17198109
2,689,20662429
2,690,24157766
2,691,17762689
2,692,17336959
2,693,16562977
2,694,16691831
2,695,16480708
2,696,20727629
2,697,21853327
2,698,16997483
2,699,17740932
2,700,20410276
2,701,16847663
2,702,16306975
2,703,16461854
2,704,16175295
2,705,26841037
2,706,21752307
2,707,16711388
2,708,24181293
2,709,17264943
2,710,23959170
2,711,18384948
2,712,17713373
2,713,23543336
2,714,24316194
2,715,16959018
2,716,24464538
2,717,17836761
2,718,19316913
2,719,17458813
2,720,22382561
2,721,17599370
2,722,17276096
2,723,16993157
2,724,24160921
2,725,17752344
2,726,21500434
2,727,28801938
2,728,23018091
2,729,17278887
2,730,17881310
2,731,17743732
2,732,21446965
2,733,18538518
2,734,17649489
2,735,17171473
2,736,16829736
2,737,16975519
2,738,17550019
2,739,16865951
2,740,17252121
2,741,17615062
2,742,17673528
2,743,17284878
2,744,19120695
2,745,17392662
2,746,17012470
2,747,18077088
2,748,18102958
2,749,17669079
2,750,17766637
2,751,17478187
2,752,17770901
2,753,17999241
2,754,31286522
2,755,17696146
2,756,17049219
2,757,16645659
2,758,18095911
2,759,16452313
2,760,17364111
2,761,17855355
2,762,17407904
2,763,16961135
2,764,16950433
2,765,20810556
2,766,16697637
2,767,17904912
2,768,17335179
2,769,18976652
2,770,17991508
2,771,16667054
2,772,17375914
2,773,17524288
2,774,17620513
2,775,17861819
2,776,22746682
2,777,17116693
2,778,17304517
2,779,30272365
2,780,17491940
2,781,28051820
2,782,20954010
2,783,18231368
2,784,17983833
2,785,17376072
2,786,25642060
2,787,17053849
2,788,17065350
2,789,28308906
2,790,20909168
2,791,17105162
2,792,16983475
2,793,26673038
2,794,24288306
2,795,16239658
2,796,33242181
2,797,24350966
2,798,23062221
2,799,17658954
2,800,17323170
2,801,16788605
2,802,17210570
2,803,25910162
2,804,23420287
2,805,17488322
2,806,27161739
2,807,16898413
2,808,19784950
2,809,18585004
2,810,23107912
2,811,17234116
2,812,26304937
2,813,18506204
2,814,21981567
2,815,15897198
2,816,22476072
2,817,17810596
2,818,16173190
2,819,29128360
2,820,17399319
2,821,19499670
2,822,27386875
2,823,20167069
2,824,16868396
2,825,17965714
2,826,17673097
2,827,16472120
2,828,21729368
2,829,17161617
2,830,20754589
2,831,17853885
2,832,17084931
2,833,27049497
2,834,18448423
2,835,24894471
2,836,16130998
2,837,21748472
2,838,17898759
2,839,16734815
2,840,20307155
2,841,23599091
2,842,16330264
2,843,16502227
2,844,18191400
2,845,24252774
2,846,17312676
2,847,16848645
2,848,19170047
2,849,17193058
2,850,16883352
2,851,17558230
2,852,17342263
2,853,18324644
2,854,17668955
2,855,17638207
2,856,16650930
2,857,16774200
2,858,17130624
2,859,16061923
2,860,16706796
2,861,21309417
2,862,18958424
2,863,17039211
2,864,16601423
2,865,17671643
2,866,18181520
2,867,22187600
2,868,18013248
2,869,17141728
2,870,16868678
2,871,23728011
2,872,17743999
2,873,16723226
2,874,17380278
2,875,18471304
2,876,18667188
2,877,17848746
2,878,17559199
2,879,17472907
2,880,17033258
2,881,16965130
2,882,32046377
2,883,18727858
2,884,17368881
2,885,17473988
2,886,17675956
2,887,18061384
2,888,16822470
2,889,17725336
2,890,19600511
2,891,17305031
2,892,20453949
2,893,17960944
2,894,22338203
2,895,17692492
2,896,17340805
2,897,17864614
2,898,17535193
2,899,21479715
2,900,16738329
2,901,17546154
2,902,17116905
2,903,17068522
2,904,18568764
2,905,17368662
2,906,19113961
2,907,17929630
2,908,19433089
2,909,17748820
2,910,17920404
2,911,17302641
2,912,17403635
2,913,17864997
2,914,23842978
2,915,17247796
2,916,17819955
2,917,16712114
2,918,17071868
2,919,16809484
2,920,16196744
2,921,17421609
2,922,17539688
2,923,17001088
2,924,17218470
2,925,28857993
2,926,18380179
2,927,17933813
2,928,17933465
2,929,16716511
2,930,22008112
2,931,17600478
2,932,17701178
2,933,17774686
2,934,20973370
2,935,19496066
2,936,18042578
2,937,18181937
2,938,21078304
2,939,22663875
2,940,20038783
2,941,19303470
2,942,19152721
2,943,18294580
2,944,20747433
2,945,20201503
2,946,23243325
2,947,19732756
2,948,18944945
2,949,20494097
2,950,18788585
2,951,21265461
2,952,18577739
2,953,19717844
2,954,19822535
2,955,22026100
2,956,18378536
2,957,23517532
2,958,18323207
2,959,18634497
2,960,18125861
2,961,20237634
2,962,19229461
2,963,24979655
2,964,23697186
2,965,19939363
2,966,20494700
2,967,21364827
2,968,18855076
2,969,19188372
2,970,19134378
2,971,18307754
2,972,19327977
2,973,18124104
2,974,19482170
2,975,18518040
2,976,18269425
2,977,18837201
2,978,20167571
2,979,19358238
2,980,19847508
2,981,21202352
2,982,20121661
2,983,18914517
2,984,19411978
2,985,21870164
2,986,22356976
2,987,18583008
2,988,18861311
2,989,22236157
2,990,18527929
2,991,20039077
2,992,17179629
2,993,19589489
2,994,17407238
2,995,31633595
2,996,19868600
2,997,21524780
2,998,18453661
2,999,19333532
2,1000,22359512
3,1,10290102
3,2,24965033
3,3,37176766
3,4,18175984
3,5,18259075
3,6,18008086
3,7,17370009
3,8,16927549
3,9,23411974
3,10,19109095
3,11,18013764
3,12,19039491
3,13,18711776
3,14,18637696
3,15,18303104
3,16,23931043
3,17,17486370
3,18,19042991
3,19,18595527
3,20,18980262
3,21,18656254
3,22,17849447
3,23,17560854
3,24,17958775
3,25,27340403
3,26,36191305
3,27,16572712
3,28,18491481
3,29,18918386
3,30,18821380
3,31,17863320
3,32,28558767
3,33,24901263
3,34,19921689
3,35,17719997
3,36,20278954
3,37,16806896
3,38,19961852
3,39,18327079
3,40,20572240
3,41,17244176
3,42,16808213
3,43,35747256
3,44,17991316
3,45,17205143
3,46,16973456
3,47,17813356
3,48,28208197
3,49,17696311
3,50,18895351
3,51,18596132
3,52,18926114
3,53,18446418
3,54,17855322
3,55,20687460
3,56,18319604
3,57,18247886
3,58,17861781
3,59,18704708
3,60,16885747
3,61,24496856
3,62,19310705
3,63,18162632
3,64,17228246
3,65,18514737
3,66,18323241
3,67,23040307
3,68,17978907
3,69,17334686
3,70,17967103
3,71,19598892
3,72,24960101
3,73,23983807
3,74,17697851
3,75,21333573
3,76,17393648
3,77,17753523
3,78,18183176
3,79,17668417
3,80,17151958
3,81,18411920
3,82,18233162
3,83,17576320
3,84,17682909
3,85,26986787
3,86,16876358
3,87,17743055
3,88,30081048
3,89,17159243
3,90,17999043
3,91,18209001
3,92,18323880
3,93,28786837
3,94,17779900
3,95,18487877
3,96,22081610
3,97,17858545
3,98,16974406
3,99,17425485
3,100,18108316
3,101,18626628
3,102,22017591
3,103,19389985
3,104,17536933
3,105,18623599
3,106,19059014
3,107,17891165
3,108,19731899
3,109,22338676
3,110,19709768
3,111,17789847
3,112,21336152
3,113,18644439
3,114,17511178
3,115,17324997
3,116,27459262
3,117,18451116
3,118,18471690
3,119,17999401
3,120,18471735
3,121,21919979
3,122,17580332
3,123,18415576
3,124,17768156
3,125,16752341
3,126,19097314
3,127,18926822
3,128,31546423
3,129,17995580
3,130,23683991
3,131,18662484
3,132,19092549
3,133,17144116
3,134,17674421
3,135,17919639
3,136,17325711
3,137,17721577
3,138,18827306
3,139,19398592
3,140,18251428
3,141,17408152
3,142,28534785
3,143,19452305
3,144,17947094
3,145,20773366
3,146,18078060
3,147,17699845
3,148,36297309
3,149,18268084
3,150,19819190
3,151,17865544
3,152,25179237
3,153,17704288
3,154,18162619
3,155,22323544
3,156,18340715
3,157,18045719
3,158,29060873
3,159,18984639
3,160,17213394
3,161,19241212
3,162,18318338
3,163,17667629
3,164,19633398
3,165,20603266
3,166,19009278
3,167,18374133
3,168,19750401
3,169,17829266
3,170,17973032
3,171,17949955
3,172,17980287
3,173,27851186
3,174,20410056
3,175,19437638
3,176,23906203
3,177,18560982
3,178,17117545
3,179,17654114
3,180,16876960
3,181,16751801
3,182,17253742
3,183,18187593
3,184,16237333
3,185,18741078
3,186,18225242
3,187,26861204
3,188,28234358
3,189,19737158
3,190,25051816
3,191,17453564
3,192,17511078
3,193,16663966
3,194,26879934
3,195,17242603
3,196,18248129
3,197,17099794
3,198,22234631
3,199,19985696
3,200,17774024
3,201,17094178
3,202,17683030
3,203,22141585
3,204,19662663
3,205,21721943
3,206,18329624
3,207,17241193
3,208,17041488
3,209,17281981
3,210,17209853
3,211,18326071
3,212,17067381
3,213,17053234
3,214,19365525
3,215,17115473
3,216,24041495
3,217,18069708
3,218,17002517
3,219,18000888
3,220,16670915
3,221,17774887
3,222,24325486
3,223,19424594
3,224,19978983
3,225,17375829
3,226,19687843
3,227,17325588
3,228,17527205
3,229,16785375
3,230,16990860
3,231,17484945
3,232,17293471
3,233,22722700
3,234,17704354
3,235,27835053
3,236,16519249
3,237,17487409
3,238,21106849
3,239,17201869
3,240,15923745
3,241,18724420
3,242,22184598
3,243,18569805
3,244,17457675
3,245,17786815
3,246,17369193
3,247,18531328
3,248,16908262
3,249,16740884
3,250,17072829
3,251,17047402
3,252,16297003
3,253,17716959
3,254,22171200
3,255,18367033
3,256,17844840
3,257,18582371
3,258,18453943
3,259,20048799
3,260,17822844
3,261,18335751
3,262,18777931
3,263,21237783
3,264,26712275
3,265,17880910
3,266,17363997
3,267,28655971
3,268,18577918
3,269,18207531
3,270,19047067
3,271,17856197
3,272,28323874
3,273,26593923
3,274,17342432
3,275,17623130
3,276,18364729
3,277,16593217
3,278,34845743
3,279,17309182
3,280,17575129
3,281,17241113
3,282,16704100
3,283,17104362
3,284,16275335
3,285,16689888
3,286,17691249
3,287,17323884
3,288,16835233
3,289,16868520
3,290,18406689
3,291,18838551
3,292,18791840
3,293,17443366
3,294,22295804
3,295,17500115
3,296,18061878
3,297,16900785
3,298,17079796
3,299,23188049
3,300,18162050
3,301,17404084
3,302,17102198
3,303,17635647
3,304,17491835
3,305,16942993
3,306,22363239
3,307,19266742
3,308,16766566
3,309,17450394
3,310,18353264
3,311,17870802
3,312,19349739
3,313,21373178
3,314,23125836
3,315,18003033
3,316,18596362
3,317,19175040
3,318,17842820
3,319,22473062
3,320,17377091
3,321,17709637
3,322,20039072
3,323,16981192
3,324,18315767
3,325,24384940
3,326,20240120
3,327,16995431
3,328,16304451
3,329,20140251
3,330,28526063
3,331,21294337
3,332,18269953
3,333,19097371
3,334,17980453
3,335,27539915
3,336,21548359
3,337,17728115
3,338,19082480
3,339,22638144
3,340,18912225
3,341,25004105
3,342,17412947
3,343,24868311
3,344,17824169
3,345,16978679
3,346,25282767
3,347,19277622
3,348,20174137
3,349,19213315
3,350,17223290
3,351,17398441
3,352,17681694
3,353,18170283
3,354,20099041
3,355,24584477
3,356,18526564
3,357,19691186
3,358,23885870
3,359,18049369
3,360,29137714
3,361,19478998
3,362,25441190
3,363,16649652
3,364,26680903
3,365,18296994
3,366,18671042
3,367,17621978
3,368,17016154
3,369,16267052
3,370,22256325
3,371,16991939
3,372,17648581
3,373,18882574
3,374,16256084
3,375,16029590
3,376,16665440
3,377,17496796
3,378,16567775
3,379,20700408
3,380,17307478
3,381,23858333
3,382,26281489
3,383,18542893
3,384,18158317
3,385,17046713
3,386,15493805
3,387,15927258
3,388,16265900
3,389,15468564
3,390,15138434
3,391,15657736
3,392,25902402
3,393,16287199
3,394,17264415
3,395,17291877
3,396,18158891
3,397,16931862
3,398,19537151
3,399,19100018
3,400,15938272
3,401,22500222
3,402,18537349
3,403,15328404
3,404,16372952
3,405,18844210
3,406,15562615
3,407,17607837
3,408,16837099
3,409,16692656
3,410,16465009
3,411,16033704
3,412,26144373
3,413,16941912
3,414,26576062
3,415,20431971
3,416,15114553
3,417,16626650
3,418,16621887
3,419,21946996
3,420,15763322
3,421,16550482
3,422,16661522
3,423,17632895
3,424,20345925
3,425,15601300
3,426,26824198
3,427,17476420
3,428,16694179
3,429,17364889
3,430,22233008
3,431,16338275
3,432,35977561
3,433,17458284
3,434,17312065
3,435,17257345
3,436,16835163
3,437,16641389
3,438,16381163
3,439,18999760
3,440,17425415
3,441,19941924
3,442,18294460
3,443,16877432
3,444,17131828
3,445,19883940
3,446,26324319
3,447,18141705
3,448,20570714
3,449,17018969
3,450,16471669
3,451,22753068
3,452,16708365
3,453,23070733
3,454,16896329
3,455,19086471
3,456,17970630
3,457,27556499
3,458,27527869
3,459,18775477
3,460,19212748
3,461,25029533
3,462,17809477
3,463,18437723
3,464,17361366
3,465,17585756
3,466,27106610
3,467,16612864
3,468,17108704
3,469,16691954
3,470,24149765
3,471,16401943
3,472,20849343
3,473,16990172
3,474,16740585
3,475,16096867
3,476,23276562
3,477,16431928
3,478,17009667
3,479,18350594
3,480,16656982
3,481,17592436
3,482,16353222
3,483,15509184
3,484,17129276
3,485,17548256
3,486,16756156
3,487,16075041
3,488,33862843
3,489,16538101
3,490,16357335
3,491,17646899
3,492,21460868
3,493,15681715
3,494,16479734
3,495,17421174
3,496,16975749
3,497,33073299
3,498,17786867
3,499,25977355
3,500,16699219
3,501,16681658
3,502,16024464
3,503,16557699
3,504,16164340
3,505,15507852
3,506,15846273
3,507,26662179
3,508,16498301
3,509,17643573
3,510,18310802
3,511,22804373
3,512,16577596
3,513,16878729
3,514,23391297
3,515,24536872
3,516,16388754
3,517,22579565
3,518,17105599
3,519,18457752
3,520,16867413
3,521,20753507
3,522,30377895
3,523,17191225
3,524,15793590
3,525,18331507
3,526,16572371
3,527,16789809
3,528,15922462
3,529,15531095
3,530,17038705
3,531,15609898
3,532,17212946
3,533,18051244
3,534,16581355
3,535,16546061
3,536,16914191
3,537,18252704
3,538,16197917
3,539,16749784
3,540,23355706
3,541,25386900
3,542,17990742
3,543,16103042
3,544,17503644
3,545,16694226
3,546,15810245
3,547,16760251
3,548,15976242
3,549,15651578
3,550,18095199
3,551,16998304
3,552,15989579
3,553,15673883
3,554,16087759
3,555,23508789
3,556,34572684
3,557,15953328
3,558,15965028
3,559,35996328
3,560,17128156
3,561,16101933
3,562,17382580
3,563,16349357
3,564,23868688
3,565,19254458
3,566,16746601
3,567,16465440
3,568,24812259
3,569,24620016
3,570,19458869
3,571,16529131
3,572,15965952
3,573,17102718
3,574,16585285
3,575,16243469
3,576,17978991
3,577,24677366
3,578,16605053
3,579,15950074
3,580,16515805
3,581,16098809
3,582,16753353
3,583,16325432
3,584,16189915
3,585,16858503
3,586,17194177
3,587,16647235
3,588,16028885
3,589,17863598
3,590,16669466
3,591,15439710
3,592,16450762
3,593,16102436
3,594,16806599
3,595,17260619
3,596,17943030
3,597,16773038
3,598,17059653
3,599,21184546
3,600,20596633
3,601,19960894
3,602,16433402
3,603,16522600
3,604,16707850
3,605,16750217
3,606,17420898
3,607,18073500
3,608,16510343
3,609,17532510
3,610,17500795
3,611,17249886
3,612,18094843
3,613,17429841
3,614,17539714
3,615,17734601
3,616,21012838
3,617,18488930
3,618,26412656
3,619,17161113
3,620,19821189
3,621,17089007
3,622,21163333
3,623,16773348
3,624,17695867
3,625,16397436
3,626,20812105
3,627,17081389
3,628,15405982
3,629,16727060
3,630,16636307
3,631,15485647
3,632,16002339
3,633,15975098
3,634,17494362
3,635,16150162
3,636,16729964
3,637,16892472
3,638,16969730
3,639,19678275
3,640,17169335
3,641,16926819
3,642,17029045
3,643,16157979
3,644,16339219
3,645,19746098
3,646,17686829
3,647,16898506
3,648,16335409
3,649,17654727
3,650,17892349
3,651,16045015
3,652,23612968
3,653,18067288
3,654,17397358
3,655,21582404
3,656,16902099
3,657,16757072
3,658,15499194
3,659,17002725
3,660,20372529
3,661,17484957
3,662,17258198
3,663,17225081
3,664,17066945
3,665,21506059
3,666,17561590
3,667,16710544
3,668,16213507
3,669,16834265
3,670,17061083
3,671,16238054
3,672,16978585
3,673,16347243
3,674,16496918
3,675,21873481
3,676,17758321
3,677,16846105
3,678,16969116
3,679,16622454
3,680,16402437
3,681,16152168
3,682,16620939
3,683,16672871
3,684,16863017
3,685,17224351
3,686,16313145
3,687,16375161
3,688,22076548
3,689,21858416
3,690,15934880
3,691,22006678
3,692,16498433
3,693,16390819
3,694,16406818
3,695,16368484
3,696,16572560
3,697,16964424
3,698,20287132
3,699,16932978
3,700,16944854
3,701,16831989
3,702,16636648
3,703,18744770
3,704,18945277
3,705,16990405
3,706,19596035
3,707,16930111
3,708,16103070
3,709,16823633
3,710,16744732
3,711,20352327
3,712,17421749
3,713,16286692
3,714,16076227
3,715,23389884
3,716,17300777
3,717,16767429
3,718,16805131
3,719,16263980
3,720,15612242
3,721,22918673
3,722,16569429
3,723,16382441
3,724,19094691
3,725,16592483
3,726,16235918
3,727,17179981
3,728,21396991
3,729,22652578
3,730,16585740
3,731,16849690
3,732,16534073
3,733,16467239
3,734,16424498
3,735,16822663
3,736,17186412
3,737,18456698
3,738,23272537
3,739,16830328
3,740,16462196
3,741,16321093
3,742,16892455
3,743,16461661
3,744,16682370
3,745,16249440
3,746,17218490
3,747,17443214
3,748,16973069
3,749,16805890
3,750,17623271
3,751,16191402
3,752,25223367
3,753,24530540
3,754,24330591
3,755,16211771
3,756,23331165
3,757,20725480
3,758,16236013
3,759,22053135
3,760,17597885
3,761,16479079
3,762,22810127
3,763,17017614
3,764,16501355
3,765,16826221
3,766,20317844
3,767,18288345
3,768,17253157
3,769,19929103
3,770,17126198
3,771,16552526
3,772,16231080
3,773,16474985
3,774,16713745
3,775,16199220
3,776,17323471
3,777,17013084
3,778,16785677
3,779,16550998
3,780,16608830
3,781,16647753
3,782,16584083
3,783,16918302
3,784,16959615
3,785,16397950
3,786,15711285
3,787,19438454
3,788,16802785
3,789,15776774
3,790,22404467
3,791,16812137
3,792,15921617
3,793,16154106
3,794,16716503
3,795,18162749
3,796,17866255
3,797,15830518
3,798,16468009
3,799,22823352
3,800,19340234
3,801,15818108
3,802,24603518
3,803,16545254
3,804,16162902
3,805,16000967
3,806,15591309
3,807,15411771
3,808,16271306
3,809,16107344
3,810,18165741
3,811,16310591
3,812,16990199
3,813,21445528
3,814,16308992
3,815,17072603
3,816,15415064
3,817,16680835
3,818,15747355
3,819,15655733
3,820,22286191
3,821,15780049
3,822,16197721
3,823,20791088
3,824,17101211
3,825,16068173
3,826,19787004
3,827,16703267
3,828,16057101
3,829,16303116
3,830,21201254
3,831,16073729
3,832,16519279
3,833,18541684
3,834,16403088
3,835,20209622
3,836,16531751
3,837,17186069
3,838,16690313
3,839,17129917
3,840,16641367
3,841,16702161
3,842,17251617
3,843,22587894
3,844,15933313
3,845,17094418
3,846,17524463
3,847,15948780
3,848,19653209
3,849,29219087
3,850,16377261
3,851,16665963
3,852,17870591
3,853,15559156
3,854,16600668
3,855,15956569
3,856,21060884
3,857,16428459
3,858,16701295
3,859,20785246
3,860,24998946
3,861,21205961
3,862,18218891
3,863,17226040
3,864,16852633
3,865,16823085
3,866,17155398
3,867,17668586
3,868,17905934
3,869,16805135
3,870,16518801
3,871,16554070
3,872,15973678
3,873,16481940
3,874,16682917
3,875,16589845
3,876,16429222
3,877,16317510
3,878,24127539
3,879,16736094
3,880,16621428
3,881,17125995
3,882,16456290
3,883,16761350
3,884,16317621
3,885,16497953
3,886,15680780
3,887,19724471
3,888,16454972
3,889,19331304
3,890,16635751
3,891,16486127
3,892,16148937
3,893,15684183
3,894,19882295
3,895,16370097
3,896,15674005
3,897,16135131
3,898,28290760
3,899,18831432
3,900,16176856
3,901,16554009
3,902,17686409
3,903,16575111
3,904,20067701
3,905,24505604
3,906,22061199
3,907,16894458
3,908,16146933
3,909,24974868
3,910,21972911
3,911,16029387
3,912,17013660
3,913,17725899
3,914,16538360
3,915,16369716
3,916,21775391
3,917,16371896
3,918,22760222
3,919,17913563
3,920,16411169
3,921,15796042
3,922,20973835
3,923,16509026
3,924,16479361
3,925,19254828
3,926,16807163
3,927,16268268
3,928,17438760
3,929,17662667
3,930,16689522
3,931,15857839
3,932,17479879
3,933,16962291
3,934,23036515
3,935,16818591
3,936,16495387
3,937,16425209
3,938,16246300
3,939,16693406
3,940,16047834
3,941,16372406
3,942,16653887
3,943,18366377
3,944,16438479
3,945,16751751
3,946,22436561
3,947,16016809
3,948,16137340
3,949,16739974
3,950,16515359
3,951,16648883
3,952,17174274
3,953,17456638
3,954,18657644
3,955,16620166
3,956,17814384
3,957,16733279
3,958,16530258
3,959,16689608
3,960,22898572
3,961,16787530
3,962,17639544
3,963,16771438
3,964,16656997
3,965,25576151
3,966,16702981
3,967,19217028
3,968,16907760
3,969,15759313
3,970,16481676
3,971,17233465
3,972,22069235
3,973,20424423
3,974,17614173
3,975,16397519
3,976,16545081
3,977,16457929
3,978,15160362
3,979,16622248
3,980,15956552
3,981,16312254
3,982,15955258
3,983,16892056
3,984,16957702
3,985,24064077
3,986,16674138
3,987,18242263
3,988,17359144
3,989,21571250
3,990,21888150
3,991,17117909
3,992,17347510
3,993,17218917
3,994,16360022
3,995,16053906
3,996,16255456
3,997,15872170
3,998,22472555
3,999,16197211
3,1000,20627870
